# SARS2
view_coords_sars2 = (
    -0.393657833,
    -0.737275898,
    -0.549044371,
    0.308091789,
    -0.668542325,
    0.676846981,
    -0.866092026,
    0.097289830,
    0.490323097,
    -0.000008677,
    0.000024922,
    -58.667091370,
    12.463963509,
    -6.047869682,
    18.167898178,
    13.353301048,
    103.972755432,
    -20.000000000,
)
# MERS
view_coord_mers = (
    -0.635950804,
    -0.283323288,
    -0.717838645,
    -0.040723491,
    -0.916550398,
    0.397835642,
    -0.770651817,
    0.282238036,
    0.571343124,
    0.000061535,
    0.000038342,
    -58.079559326,
    8.052228928,
    0.619271040,
    21.864795685,
    -283.040344238,
    399.190032959,
    -20.000000000,
)

# 7ENE
view_coords_7ene = (
    0.710110664,
    0.317291290,
    -0.628544748,
    -0.485409290,
    -0.426031262,
    -0.763462067,
    -0.510019004,
    0.847245276,
    -0.148514912,
    0.000047840,
    0.000042381,
    -58.146995544,
    -1.610392451,
    -9.301478386,
    57.779785156,
    13.662354469,
    102.618484497,
    -20.000000000,
)

# set colorings of subpockets by resn. This may change over time.
# SARS2
pocket_dict_sars2 = {
    "subP1": "140-145+163+172",
    "subP1_prime": "25-27",
    "subP2": "41+49+54",
    "subP3_4_5": "165-168+189-192",
    "sars_unique": "25+49+142+164+168+169+181+186+188+190+191",
}

# MERS
pocket_dict_mers = {
    "subP1": "143+144+145+146+147+148+166+175",
    "subP1_prime": "25+26+27",
    "subP2": "41+49+54",
    "subP3_4_5": "168+169+170+171+192+193+194+195",
    "sars_unique": "25+49+145+167+171+172+184+189+191+193+194",
}

color_dict = {
    "subP1": "yellow",
    "subP1_prime": "orange",
    "subP2": "skyblue",
    "subP3_4_5": "aquamarine",
}
# TODO: pick color-blind-friendly scheme, e.g. using https://colorbrewer2.org/#type=qualitative&scheme=Pastel1&n=4
# ~~~~~~~~~~~~~~~~~~~~~~~~~~~~~~~~~~~~~~~~~~~
